NO	ID	Beg:End	Length	Phased_Ratio	Phased_Abundance	Phased_Number	Phased_Score
1	chromosome_13_113	4823116:4823675	560	0.846	354494	29	313.572
2	chromosome_11_37	1337276:1337667	392	0.817	139189	18	174.245
3	chromosome_11_51	2205605:2205996	392	0.817	139189	18	174.245
4	chromosome_13_14	791523:791935	413	0.764	139196	19	171.891
5	chromosome_9_21	893872:894452	581	0.633	15974	26	159.271
6	scaffold_21_16	122656:123131	476	0.810	36238	17	144.549
7	chromosome_10_21	778128:778561	434	0.750	19041	18	133.006
8	chromosome_7_58	2881944:2882587	644	0.522	97149	21	125.977
9	chromosome_14_80	4149450:4150198	749	0.965	1916	17	123.963
10	chromosome_5_50	2294418:2294851	434	0.490	22036	25	122.433
11	chromosome_5_51	2294883:2295253	371	0.643	5798	18	100.325
12	chromosome_6_157	6775988:6776316	329	0.821	166274	9	88.847
13	chromosome_5_16	910189:910811	623	0.555	21604	16	88.669
14	chromosome_5_17	935171:935562	392	0.722	51865	11	86.183
15	chromosome_2_174	9207567:9207979	413	0.784	28211	10	80.293
16	chromosome_17_5	194454:194719	266	0.829	21152	9	74.297
17	chromosome_17_167	6674525:6674769	245	0.967	11917	7	63.516
18	chromosome_15_7	113474:113739	266	0.735	12713	9	62.545
19	chromosome_12_175	6166852:6167285	434	0.721	14630	9	62.210
20	chromosome_15_8	113850:114115	266	0.799	14538	8	61.301
21	chromosome_10_80	3399794:3400080	287	0.830	184831	6	60.417
22	chromosome_6_85	3397692:3397999	308	0.933	3276	8	60.395
23	chromosome_1_5	17418:17956	539	0.979	296	10	55.719
24	chromosome_14_53	3218686:3218972	287	0.992	73869	5	55.575
25	chromosome_3_166	8399598:8399863	266	0.811	9123	7	51.740
26	chromosome_17_6	194688:194932	245	0.808	7545	7	50.520
27	chromosome_14_29	1950056:1950405	350	0.504	8425	11	50.142
28	chromosome_17_134	5033173:5033438	266	0.923	6262	6	48.425
29	chromosome_1_37	2125369:2125592	224	0.943	25586	5	47.860
30	chromosome_12_211	7066229:7066662	434	0.677	219	13	47.426
31	chromosome_13_53	2301534:2301799	266	0.814	14206	6	46.675
32	chromosome_7_50	2591646:2591911	266	0.872	2045	7	46.540
33	chromosome_10_62	2432818:2433230	413	0.550	11222	9	46.180
34	chromosome_9_162	6518901:6519145	245	0.822	11181	6	45.990
35	chromosome_5_68	2986193:2986500	308	0.619	1664	10	45.927
36	chromosome_13_54	2348165:2348409	245	0.773	18906	6	45.693
37	chromosome_17_90	3465478:3466016	539	0.321	82192	12	43.590
38	chromosome_6_196	8059700:8059986	287	0.941	10112	5	43.394
39	chromosome_13_8	552394:552722	329	0.775	2355	7	42.096
40	chromosome_10_61	2431970:2432298	329	0.562	11220	8	41.954
41	chromosome_17_133	5031190:5031455	266	0.955	6259	5	41.754
42	chromosome_1_16	1124544:1124851	308	0.723	93939	5	41.378
43	chromosome_16_74	4056077:4056468	392	0.878	726	7	40.501
44	chromosome_6_83	3386513:3386820	308	0.624	3276	8	40.436
45	chromosome_6_81	3384916:3385223	308	0.624	3276	8	40.436
46	chromosome_12_70	2444739:2445004	266	0.655	399	10	39.253
47	chromosome_5_36	1813968:1814212	245	0.919	5116	5	39.230
48	chromosome_17_176	7005359:7005645	287	0.380	9028	11	38.106
49	chromosome_12_179	6176938:6177140	203	0.994	14491	4	38.081
50	chromosome_12_173	6158369:6158571	203	0.994	14491	4	38.081
51	chromosome_1_93	5106268:5106554	287	0.897	1068	6	37.549
52	chromosome_1_38	2125576:2125778	203	0.943	19718	4	37.292
53	chromosome_17_148	5149730:5150058	329	0.980	1608	5	36.163
54	chromosome_16_4	150822:151066	245	0.991	7918	4	35.591
55	chromosome_12_208	7027364:7027902	539	0.700	149	10	35.052
56	chromosome_9_156	6365746:6366116	371	0.615	12484	6	34.799
57	chromosome_9_32	1228678:1228964	287	0.942	10104	4	34.761
58	chromosome_1_58	2917192:2917478	287	0.994	922	5	33.940
59	scaffold_21_1	18396:18640	245	0.968	6252	4	33.833
60	chromosome_8_25	347748:348097	350	0.584	80905	5	32.987
61	chromosome_3_136	6582952:6583259	308	0.431	2342	9	30.082
62	chromosome_11_46	1857249:1857472	224	0.784	14398	4	30.032
63	chromosome_16_60	3391366:3391652	287	0.865	1031	5	30.021
64	scaffold_25_1	9069:9355	287	0.865	1031	5	30.021
65	chromosome_2_163	9101129:9101352	224	0.744	2465	5	29.044
66	chromosome_12_69	2444521:2444786	266	0.476	399	10	28.481
67	chromosome_14_13	1191637:1191923	287	0.587	3106	6	28.321
68	chromosome_8_87	3345389:3345885	497	0.670	3489	5	27.311
69	chromosome_1_91	5066641:5066843	203	0.999	920	4	27.265
70	chromosome_8_33	533391:533635	245	0.848	590	5	27.040
71	chromosome_17_177	7005602:7005804	203	0.907	1543	4	26.646
72	chromosome_3_114	5792137:5792360	224	0.810	688	5	26.457
73	chromosome_11_45	1824608:1824852	245	0.947	830	4	25.466
74	chromosome_16_6	185013:185257	245	0.726	5844	4	25.186
75	chromosome_3_141	6839077:6839405	329	0.623	20622	4	24.768
76	chromosome_1_1	2794:3353	560	0.466	203	10	24.753
77	chromosome_12_129	4826854:4827077	224	0.991	131	5	24.157
78	chromosome_11_19	427144:427451	308	0.463	5318	6	23.813
79	chromosome_10_104	4598595:4598881	287	0.455	28726	5	23.330
80	chromosome_7_36	1992919:1993163	245	0.720	3168	4	23.209
81	chromosome_4_86	3690250:3690557	308	0.528	1364	6	22.865
82	chromosome_4_84	3389804:3390027	224	0.533	1241	6	22.762
83	chromosome_14_17	1596444:1596709	266	0.635	1220	5	22.548
84	chromosome_17_149	5152689:5153017	329	0.342	2963	8	21.887
85	chromosome_1_98	5450570:5450793	224	0.868	536	4	21.826
86	chromosome_7_77	3864465:3864814	350	0.614	1025	5	21.276
87	chromosome_4_95	3981684:3981880	197	0.677	2518	4	21.219
88	chromosome_4_94	3980494:3980690	197	0.677	2518	4	21.219
89	chromosome_1_25	1695588:1695853	266	0.693	1954	4	21.015
90	chromosome_16_7	190190:190476	287	0.440	775	7	20.491
91	chromosome_12_110	4109048:4109376	329	0.406	538	8	20.437
92	chromosome_3_168	8409468:8410195	728	0.318	565	10	20.165
93	chromosome_10_136	5358760:5358983	224	0.973	165	4	19.879
94	chromosome_17_41	1036709:1036995	287	0.553	1218	5	19.650
95	chromosome_5_71	3119534:3119883	350	0.439	513	7	19.194
96	chromosome_3_135	6573820:6574064	245	0.826	316	4	19.025
97	chromosome_4_85	3390070:3390314	245	0.509	10227	4	18.808
98	chromosome_7_76	3857437:3857891	455	0.364	296	9	18.630
99	scaffold_35_1	13683:13927	245	0.821	268	4	18.372
100	chromosome_10_137	5359017:5359240	224	0.889	165	4	18.154
101	chromosome_2_85	4316068:4316312	245	0.644	1079	4	17.994
102	chromosome_2_81	4303400:4303644	245	0.644	1079	4	17.994
103	chromosome_11_20	433506:433813	308	0.492	1381	5	17.801
104	chromosome_3_61	3097530:3097816	287	0.730	435	4	17.744
105	chromosome_6_140	5488799:5489085	287	0.318	2801	7	17.656
106	chromosome_11_27	617091:617440	350	0.351	1219	7	17.473
107	chromosome_3_131	6432129:6432415	287	0.520	3914	4	17.193
108	chromosome_2_58	3048502:3048725	224	0.885	126	4	17.121
109	chromosome_2_57	3047291:3047514	224	0.885	126	4	17.121
110	chromosome_1_69	3724885:3725192	308	0.570	1376	4	16.473
111	chromosome_8_102	4414737:4414981	245	0.845	127	4	16.372
112	chromosome_2_82	4304820:4305064	245	0.580	1079	4	16.207
113	chromosome_1_125	6457543:6457787	245	0.839	123	4	16.148
114	chromosome_12_278	9425669:9425976	308	0.459	1029	5	15.904
115	chromosome_17_116	4849873:4850096	224	0.598	767	4	15.884
116	chromosome_12_181	6184597:6184841	245	0.582	866	4	15.754
117	chromosome_8_65	2436505:2436770	266	0.612	167	5	15.658
118	scaffold_49_1	61:326	266	0.550	294	5	15.617
119	chromosome_2_1	19703:19947	245	0.358	1225	6	15.266
120	chromosome_12_109	4108742:4109007	266	0.472	495	5	14.634
121	chromosome_12_276	9390045:9390310	266	0.476	437	5	14.478
122	chromosome_5_58	2823569:2824002	434	0.485	143	6	14.439
123	chromosome_3_130	6424716:6425002	287	0.436	3914	4	14.434
124	chromosome_11_21	442607:442914	308	0.424	4647	4	14.336
125	chromosome_11_22	448758:449065	308	0.423	4647	4	14.289
126	chromosome_2_168	9173206:9173492	287	0.731	117	4	13.925
127	chromosome_16_126	7256886:7257172	287	0.599	277	4	13.483
128	chromosome_7_3	76175:76503	329	0.385	344	6	13.481
129	chromosome_14_4	189589:189854	266	0.527	580	4	13.410
130	chromosome_13_111	4817835:4818079	245	0.653	132	4	12.757
131	chromosome_5_22	1115624:1115952	329	0.358	1206	5	12.698
132	chromosome_8_59	2197305:2197570	266	0.608	151	4	12.194
133	chromosome_14_3	140213:140541	329	0.599	141	4	11.865
134	chromosome_9_151	6157302:6157567	266	0.461	580	4	11.740
135	chromosome_12_246	8408168:8408538	371	0.422	191	5	11.091
136	chromosome_12_205	7019173:7019564	392	0.389	245	5	10.689
137	chromosome_6_159	6848086:6848540	455	0.304	309	6	10.449
138	chromosome_5_24	1116480:1116796	317	0.389	161	5	9.877
139	chromosome_2_107	5761810:5762054	245	0.335	158	5	8.487
140	chromosome_6_101	4031272:4031579	308	0.367	287	4	8.307
141	chromosome_6_107	4089991:4090298	308	0.317	177	5	8.210
142	chromosome_13_67	2605082:2605389	308	0.304	141	4	6.023
